1 0.466085 0.397934 0.014963 0.037802
1 0.350748 0.648374 0.031172 0.032132
1 0.615087 0.619077 0.023691 0.052923
4 0.472943 0.398879 0.088529 0.081275
4 0.616334 0.600176 0.073566 0.120967
4 0.346384 0.645539 0.089776 0.056703
2 0.333915 0.496220 0.082294 0.056703
2 0.316459 0.507560 0.034913 0.037802
2 0.671197 0.482989 0.091022 0.071824
2 0.684289 0.475428 0.017456 0.034022
2 0.646259 0.477319 0.036160 0.052923
2 0.467332 0.261845 0.062344 0.045363
2 0.487905 0.263736 0.018703 0.022681
2 0.456110 0.254285 0.027431 0.034022